2510090001	97553
2510090002	30020
2510090003	65193
2510090004	19032
2510090005	84396
2510090006	45942
2510090007	69490
2510090008	19592
2510090009	76569
2510090010	90564
2510090011	49137
2510090012	28622
2510090013	20415
2510090014	41157
2510090015	87164
2510090016	44233
2510090017	03616
2510090018	66829
2510090019	54230
2510090020	08346
2510090021	95925
2510090022	50524
2510090023	03051
2510090024	99663
2510090025	86319
2510090026	22602
2510090027	60568
2510090028	11727
2510090029	87164
2510090030	44633
2510090031	39891
2510090032	12176
2510090033	51516
2510090034	91105
2510090035	13560
2510090036	51081
2510090037	57217
2510090038	22379
2510090039	10079
2510090040	12336
2510090041	81363
2510090042	95234
2510090043	60528
2510090044	23921
2510090045	33929
2510090046	26825
2510090047	46460
2510090048	39227
2510090049	83236
2510090050	33304
2510090051	63947
2510090052	44393
2510090053	67660
2510090054	22911
2510090055	63184
2510090056	05644
2510090057	74297
2510090058	45923
2510090059	30723
2510090060	10662
2510090061	48284
2510090062	70341
2510090063	36805
2510090064	12469
2510090065	81511
2510090066	84419
2510090067	75719
2510090068	51890
2510090069	98063
2510090070	95778
2510090071	54474
2510090072	84629
2510090073	53669
2510090074	52610
2510090075	47583
2510090076	81812
2510090077	50670
2510090078	51554
2510090079	75719
2510090080	61652
2510090081	18468
2510090082	87056
2510090083	38595
2510090084	89016
2510090085	47513
2510090086	52796
2510090087	48898
2510090088	12251
2510090089	38231
2510090090	62919
2510090091	01395
2510090092	56920
2510090093	35522
2510090094	07750
2510090095	96406
2510090096	99436
2510090097	99968
2510090098	18250
2510090099	09309
2510090100	95645
2510090101	13261
2510090102	07502
2510090103	07674
2510090104	60524
2510090105	32195
2510090106	19791
2510090107	53083
2510090108	36016
2510090109	18992
2510090110	73513
2510090111	75316
2510090112	57407
2510090113	28983
2510090114	09495
2510090115	09487
2510090116	53875
2510090117	05941
2510090118	88997
2510090119	57119
2510090120	17838
2510090121	93442
2510090122	79231
2510090123	34585
2510090124	22774
2510090125	29220
2510090126	92563
2510090127	27821
2510090128	78040
2510090129	21486
2510090130	52787
2510090131	47638
2510090132	92675
2510090133	52525
2510090134	41208
2510090135	07148
2510090136	44585
2510090137	79993
2510090138	16251
2510090139	57435
2510090140	68322
2510090141	55263
2510090142	84112
2510090143	99446
2510090144	20735
2510090145	71872
2510090146	23033
2510090147	48023
2510090148	34218
2510090149	01675
2510090150	95273
2510090151	26334
2510090152	06240
2510090153	11229
2510090154	74825
2510090155	18577
2510090156	71437
2510090157	32157
2510090158	92531
2510090159	86387
2510090160	35537
2510090161	00735
2510090162	87710
2510090163	09716
2510090164	80857
2510090165	35981
2510090166	37957
2510090167	36568
2510090168	43892
2510090169	88603
2510090170	37706
2510090171	56214
2510090172	05915
2510090173	18020
2510090174	42991
2510090175	37862
2510090176	77870
2510090177	51143
2510090178	67551
2510090179	01889
2510090180	88623
2510090181	88446
2510090182	13227
2510090183	12353
2510090184	93141
2510090185	99405
2510090186	01819
2510090187	06400
2510090188	38074
2510090189	15819
2510090190	64331
2510090191	69277
2510090192	63729
2510090193	74503
2510090194	27427
2510090195	98978
2510090196	55353
2510090197	51096
2510090198	71892
2510090199	27733
2510090200	75491
2510090201	38756
2510090202	47761
2510090203	50771
2510090204	39742
2510090205	10451
2510090206	10895
2510090207	63738
2510090208	19634
2510090209	06634
2510090210	13010
2510090211	78766
2510090212	13575
2510090213	74665
2510090214	93319
2510090215	89147
2510090216	66041
2510090217	44697
2510090218	83449
2510090219	37812
2510090220	84556
2510090221	75866
2510090222	03816
2510090223	19639
2510090224	95021
2510090225	72760
2510090226	24052
2510090227	45123
2510090228	69385
2510090229	78738
2510090230	29391
2510090231	83595
2510090232	56743
2510090233	87877
2510090234	54719
2510090235	65387
2510090236	35639
2510090237	95014
2510090238	12657
2510090239	69227
2510090240	59469
2510090241	40779
2510090242	44052
2510090243	41085
2510090244	58613
2510090245	26188
2510090246	55711
2510090247	39110
2510090248	53243
2510090249	40837
2510090250	23145
2510090251	10095
2510090252	20987
2510090253	71049
2510090254	81598
2510090255	94482
2510090256	04750
2510090257	22408
2510090258	51637
2510090259	65066
2510090260	91781
2510090261	63399
2510090262	49672
2510090263	50533
2510090264	06757
2510090265	89518
2510090266	32524
2510090267	46667
2510090268	82483
2510090269	60771
2510090270	13952
2510090271	61009
2510090272	99002
2510090273	24527
2510090274	53268
2510090275	36965
2510090276	52051
2510090277	85135
2510090278	35183
2510090279	15655
2510090280	82997
2510090281	01089
2510090282	85019
2510090283	51633
2510090284	01488
2510090285	02373
2510090286	49291
2510090287	88460
2510090288	74570
2510090289	65247
2510090290	55830
2510090291	49708
2510090292	26570
2510090293	34642
2510090294	30857
2510090295	79442
2510090296	49818
2510090297	72764
2510090298	10880
2510090299	76470
2510090300	68152
2510090301	82186
2510090302	59204
2510090303	27003
2510090304	49502
2510090305	28598
2510090306	75059
2510090307	62311
2510090308	12422
2510090309	70040
2510090310	13166
2510090311	25900
2510090312	09250
2510090313	54749
2510090314	38998
2510090315	94626
2510090316	43937
2510090317	72793
2510090318	17708
2510090319	78367
2510090320	87181
2510090321	93193
2510090322	30007
2510090323	45730
2510090324	58430
2510090325	15597
2510090326	44655
2510090327	79947
2510090328	25080
2510090329	72211
2510090330	64078
2510090331	45090
2510090332	98106
2510090333	76083
2510090334	12618
2510090335	03672
2510090336	04865
2510090337	53721
2510090338	08330
2510090339	86763
2510090340	96780
2510090341	37102
2510090342	36649
2510090343	84265
2510090344	10719
2510090345	91894
2510090346	76514
2510090347	23484
2510090348	17088
2510090349	04246
2510090350	66138
2510090351	59120
2510090352	09980
2510090353	11832
2510090354	41511
2510090355	90050
2510090356	14733
2510090357	72727
2510090358	76572
2510090359	94604
2510090360	70258
2510090361	92224
2510090362	07476
2510090363	59241
2510090364	33125
2510090365	88025
2510090366	70952
2510090367	63878
2510090368	77040
2510090369	79110
2510090370	38123
2510090371	33684
2510090372	38170
2510090373	91458
2510090374	43502
2510090375	81199
2510090376	14461
2510090377	03103
2510090378	58998
2510090379	96613
2510090380	72904
2510090381	60547
2510090382	93330
2510090383	27976
2510090384	55982
2510090385	51789
2510090386	94833
2510090387	04421
2510090388	67617
2510090389	40540
2510090390	63807
2510090391	78130
2510090392	34667
2510090393	64608
2510090394	93707
2510090395	53943
2510090396	96418
2510090397	39336
2510090398	99818
2510090399	38065
2510090400	97763
2510090401	21260
2510090402	51836
2510090403	52723
2510090404	42424
2510090405	61044
2510090406	07268
2510090407	92108
2510090408	14621
2510090409	96564
2510090410	90525
2510090411	71925
2510090412	62998
2510090413	71586
2510090414	09962
2510090415	82157
2510090416	06859
2510090417	66608
2510090418	61460
2510090419	44239
2510090420	40221
2510090421	02055
2510090422	91606
2510090423	64441
2510090424	49802
2510090425	72925
2510090426	95855
2510090427	70543
2510090428	68831
2510090429	66978
2510090430	19005
2510090431	92868
2510090432	40673
2510090433	53710
2510090434	09647
2510090435	54773
2510090436	50943
2510090437	40367
2510090438	22445
2510090439	12439
2510090440	92855
2510090441	68299
2510090442	07112
2510090443	04561
2510090444	20082
2510090445	45405
2510090446	95466
2510090447	91258
2510090448	51116
2510090449	61955
2510090450	79905
2510090451	81858
2510090452	85294
2510090453	90193
2510090454	19597
2510090455	33843
2510090456	46144
2510090457	86800
2510090458	41571
2510090459	38459
2510090460	47565
2510090461	06513
2510090462	55323
2510090463	33512
2510090464	31172
2510090465	74674
2510090466	43164
2510090467	93746
2510090468	92619
2510090469	51617
2510090470	12685
2510090471	01835
2510090472	44754
2510090473	42313
2510090474	12464
2510090475	81970
2510090476	66736
2510090477	00204
2510090478	51646
2510090479	25699
2510090480	61654
2510090481	79452
2510090482	99214
2510090483	89646
2510090484	81037
2510090485	36100
2510090486	03161
2510090487	50460
2510090488	55886
2510090489	17035
2510090490	18457
2510090491	50822
2510090492	10649
2510090493	67090
2510090494	53025
2510090495	95638
2510090496	88661
2510090497	06255
2510090498	92992
2510090499	22175
2510090500	54480
2510090501	81164
2510090502	75996
2510090503	36201
2510090504	58287
2510090505	07435
2510090506	33484
2510090507	53563
2510090508	78338
2510090509	16257
2510090510	10807
2510090511	47826
2510090512	68678
2510090513	05484
2510090514	82144
2510090515	80593
2510090516	77678
2510090517	76640
2510090518	08109
2510090519	85042
2510090520	32774
2510090521	41961
2510090522	82947
2510090523	46629
2510090524	07913
2510090525	53565
2510090526	12191
2510090527	57549
2510090528	48135
2510090529	76033
2510090530	04010
2510090531	12652
2510090532	24600
2510090533	84695
2510090534	77791
2510090535	92859
2510090536	01168
2510090537	32031
2510090538	22313
2510090539	00572
2510090540	60176
2510090541	30259
2510090542	82199
2510090543	23110
2510090544	24715
2510090545	35605
2510090546	56477
2510090547	88697
2510090548	84483
2510090549	32787
2510090550	82582
2510090551	61669
2510090552	58133
2510090553	03562
2510090554	88780
2510090555	25087
2510090556	31227
2510090557	69910
2510090558	22803
2510090559	59303
2510090560	88649
2510090561	94581
2510090562	91503
2510090563	17097
2510090564	23231
2510090565	82889
2510090566	88251
2510090567	18997
2510090568	23459
2510090569	89191
2510090570	69283
2510090571	24421
2510090572	92943
2510090573	14746
2510090574	89591
2510090575	55504
2510090576	82679
2510090577	12973
2510090578	04873
2510090579	12807
2510090580	01439
2510090581	58175
2510090582	55444
2510090583	91015
2510090584	76790
2510090585	24941
2510090586	02472
2510090587	43575
2510090588	56824
2510090589	01821
2510090590	69996
2510090591	26711
2510090592	91555
2510090593	49561
2510090594	77844
2510090595	70478
2510090596	89076
2510090597	14122
2510090598	37344
2510090599	20941
2510090600	60847
2510090601	13834
2510090602	82823
2510090603	00074
2510090604	55358
2510090605	92088
2510090606	66281
2510090607	77419
2510090608	66217
2510090609	44109
2510090610	29264
2510090611	52297
2510090612	71274
2510090613	05556
2510090614	68647
2510090615	61767
2510090616	47270
2510090617	10312
2510090618	73244
2510090619	08224
2510090620	80800
2510090621	75033
2510090622	50772
2510090623	45547
2510090624	75504
2510090625	66456
2510090626	76539
2510090627	22230
2510090628	33345
2510090629	47299
2510090630	76322
2510090631	89766
2510090632	30736
2510090633	97051
2510090634	10007
2510090635	28023
2510090636	34363
2510090637	66371
2510090638	17272
2510090639	86164
2510090640	78438
2510090641	03646
2510090642	28470
2510090643	76335
2510090644	23939
2510090645	79046
2510090646	80749
2510090647	09075
2510090648	56123
2510090649	43365
2510090650	56616
2510090651	72963
2510090652	89255
2510090653	82387
2510090654	44821
2510090655	96850
2510090656	13532
2510090657	39509
2510090658	57886
2510090659	06738
2510090660	88886
2510090661	90597
2510090662	45966
2510090663	29017
2510090664	16141
2510090665	64925
2510090666	06936
2510090667	56942
2510090668	67843
2510090669	25845
2510090670	26083
2510090671	15890
2510090672	91929
2510090673	37128
2510090674	50023
2510090675	77938
2510090676	75262
2510090677	62220
2510090678	20358
2510090679	13773
2510090680	93627
2510090681	29015
2510090682	14555
2510090683	77920
2510090684	74951
2510090685	79532
2510090686	77253
2510090687	04625
2510090688	54512
2510090689	07526
2510090690	08908
2510090691	26103
2510090692	21491
2510090693	86177
2510090694	52103
2510090695	60377
2510090696	93418
2510090697	99590
2510090698	30334
2510090699	81744
2510090700	43970
2510090701	36817
2510090702	64092
2510090703	15035
2510090704	91053
2510090705	27560
2510090706	95789
2510090707	31172
2510090708	60572
2510090709	47139
2510090710	61096
2510090711	32777
2510090712	60244
2510090713	70958
2510090714	25702
2510090715	69000
2510090716	70112
2510090717	71314
2510090718	77834
2510090719	98939
2510090720	35083
2510090721	69841
2510090722	40597
2510090723	40888
2510090724	83017
2510090725	19238
2510090726	28345
2510090727	54753
2510090728	03303
2510090729	12917
2510090730	40511
2510090731	93769
2510090732	44197
2510090733	09437
2510090734	53927
2510090735	03315
2510090736	55530
2510090737	25518
2510090738	32571
2510090739	04816
2510090740	62204
2510090741	84946
2510090742	73876
2510090743	26751
2510090744	67012
2510090745	91952
2510090746	83499
2510090747	92421
2510090748	90337
2510090749	38526
2510090750	04619
2510090751	61019
2510090752	46493
2510090753	98941
2510090754	79178
2510090755	31235
2510090756	47725
2510090757	40806
2510090758	94539
2510090759	76143
2510090760	08914
2510090761	98714
2510090762	72599
2510090763	66811
2510090764	72344
2510090765	67386
2510090766	44270
2510090767	68283
2510090768	91557
2510090769	69655
2510090770	62420
2510090771	09087
2510090772	87843
2510090773	97894
2510090774	29227
2510090775	38947
2510090776	11855
2510090777	42669
2510090778	04610
2510090779	41768
2510090780	77412
2510090781	70986
2510090782	79564
2510090783	61414
2510090784	46907
2510090785	80056
2510090786	17459
2510090787	09443
2510090788	99195
2510090789	70827
2510090790	20945
2510090791	46434
2510090792	78071
2510090793	69755
2510090794	21443
2510090795	58467
2510090796	32675
2510090797	39422
2510090798	89496
2510090799	58171
2510090800	84364
2510090801	39522
2510090802	14648
2510090803	72342
2510090804	18973
2510090805	93373
2510090806	62151
2510090807	00826
2510090808	33006
2510090809	21058
2510090810	86522
2510090811	09888
2510090812	33490
2510090813	37648
2510090814	71459
2510090815	45592
2510090816	19236
2510090817	37006
2510090818	73916
2510090819	55316
2510090820	02928
2510090821	87371
2510090822	82419
2510090823	05565
2510090824	14270
2510090825	73605
2510090826	43179
2510090827	88947
2510090828	61461
2510090829	47307
2510090830	64788
2510090831	30192
2510090832	41350
2510090833	42035
2510090834	86045
2510090835	56563
2510090836	57672
2510090837	39018
2510090838	49985
2510090839	93338
2510090840	38846
2510090841	41209
2510090842	93592
2510090843	07451
2510090844	32664
2510090845	37944
2510090846	96335
2510090847	90159
2510090848	00516
2510090849	88735
2510090850	14120
2510090851	94894
2510090852	33105
2510090853	54991
2510090854	76626
2510090855	05152
2510090856	21947
2510090857	00307
2510090858	23146
2510090859	40092
2510090860	82252
2510090861	94718
2510090862	43407
2510090863	82431
2510090864	76376
2510090865	28663
2510090866	05707
2510090867	99355
2510090868	29810
2510090869	89926
2510090870	38701
2510090871	26803
2510090872	23875
2510090873	16564
2510090874	94459
2510090875	57323
2510090876	46362
2510090877	70128
2510090878	74255
2510090879	22846
2510090880	18148
2510090881	67519
2510090882	87549
2510090883	25015
2510090884	71794
2510090885	64534
2510090886	89637
2510090887	55079
2510090888	95872
2510090889	63117
2510090890	56680
2510090891	07617
2510090892	78130
2510090893	88435
2510090894	90307
2510090895	68382
2510090896	58420
2510090897	33131
2510090898	32292
2510090899	81384
2510090900	84507
2510090901	01443
2510090902	12047
2510090903	27370
2510090904	93991
2510090905	51876
2510090906	20556
2510090907	89081
2510090908	99653
2510090909	87499
2510090910	71816
2510090911	58434
2510090912	26779
2510090913	19820
2510090914	34662
2510090915	39901
2510090916	71906
2510090917	33956
2510090918	65039
2510090919	37117
2510090920	60181
2510090921	72910
2510090922	83279
2510090923	51936
2510090924	12634
2510090925	89731
2510090926	63322
2510090927	77243
2510090928	41201
2510090929	98108
2510090930	94996
2510090931	12642
2510090932	14664
2510090933	28798
2510090934	59324
2510090935	54957
2510090936	78860
2510090937	63050
2510090938	33153
2510090939	70301
2510090940	76305
2510090941	27987
2510090942	43613
2510090943	79828
2510090944	58255
2510090945	88369
2510090946	60140
2510090947	42944
2510090948	96764
2510090949	15050
2510090950	05720
2510090951	33348
2510090952	36120
2510090953	76972
2510090954	61949
2510090955	75234
2510090956	30575
2510090957	45497
2510090958	21543
2510090959	54458
2510090960	40464
2510090961	99314
2510090962	57043
2510090963	38992
2510090964	60898
2510090965	32631
2510090966	11212
2510090967	86546
2510090968	48229
2510090969	35425
2510090970	26966
2510090971	55724
2510090972	94204
2510090973	33761
2510090974	96299
2510090975	22691
2510090976	76742
2510090977	06283
2510090978	38618
2510090979	71655
2510090980	55083
2510090981	99090
2510090982	14041
2510090983	30268
2510090984	11190
2510090985	92903
2510090986	64383
2510090987	41103
2510090988	70279
2510090989	73550
2510090990	37261
2510090991	92758
2510090992	41974
2510090993	69179
2510090994	29500
2510090995	79704
2510090996	17006
2510090997	13531
2510090998	92580
2510090999	79781
2510091000	33605
2510091001	47613
2510091002	26200
2510091003	58494
2510091004	22690
2510091005	99004
2510091006	34071
2510091007	10733
2510091008	21208
2510091009	94953
2510091010	47538
2510091011	91801
2510091012	15988
2510091013	88057
2510091014	61301
2510091015	43829
2510091016	27962
2510091017	44108
2510091018	49063
2510091019	62360
2510091020	14516
2510091021	51829
2510091022	21801
2510091023	56024
2510091024	52019
2510091025	89272
2510091026	20308
2510091027	14180
2510091028	57594
2510091029	47761
2510091030	48176
2510091031	93139
2510091032	62137
2510091033	14317
2510091034	63609
2510091035	48262
2510091036	11027
2510091037	60454
2510091038	79912
2510091039	39965
2510091040	42092
2510091041	90678
2510091042	43875
2510091043	10042
2510091044	72844
2510091045	12005
2510091046	53304
2510091047	70701
2510091048	39538
2510091049	21634
2510091050	04260
2510091051	18661
2510091052	09450
2510091053	87049
2510091054	68781
2510091055	74085
2510091056	94183
2510091057	71718
2510091058	94216
2510091059	73266
2510091060	91502
2510091061	86854
2510091062	76885
2510091063	71700
2510091064	70912
2510091065	56752
2510091066	52094
2510091067	99734
2510091068	13849
2510091069	58381
2510091070	91334
2510091071	12312
2510091072	66308
2510091073	30742
2510091074	48820
2510091075	64603
2510091076	15025
2510091077	20777
2510091078	22520
2510091079	04182
2510091080	13532
2510091081	15930
2510091082	94846
2510091083	69665
2510091084	03273
2510091085	78887
2510091086	03147
2510091087	24053
2510091088	71229
2510091089	77229
2510091090	94309
2510091091	32601
2510091092	79568
2510091093	10758
2510091094	12161
2510091095	11588
2510091096	07557
2510091097	60659
2510091098	53571
2510091099	04128
2510091100	53665
2510091101	40965
2510091102	62007
2510091103	65324
2510091104	16055
2510091105	79830
2510091106	64703
2510091107	75190
2510091108	88221
2510091109	21315
2510091110	52421
2510091111	32956
2510091112	14494
2510091113	03186
2510091114	65655
2510091115	22520
2510091116	46089
2510091117	72804
2510091118	54518
2510091119	08650
2510091120	57711
2510091121	12647
2510091122	87792
2510091123	63936
2510091124	57752
2510091125	85195
2510091126	43338
2510091127	40260
2510091128	12860
2510091129	59062
2510091130	69952
2510091131	39985
2510091132	11994
2510091133	93336
2510091134	19337
2510091135	32610
2510091136	33181
2510091137	61889
2510091138	45579
2510091139	18905
2510091140	46031
2510091141	38584
2510091142	52889
2510091143	76843
2510091144	07569
2510091145	39726
2510091146	47988
2510091147	60728
2510091148	57003
2510091149	19496
2510091150	82866
2510091151	76970
2510091152	51216
2510091153	96489
2510091154	64181
2510091155	98913
2510091156	31871
2510091157	34790
2510091158	40650
2510091159	77639
2510091160	73926
2510091161	79737
2510091162	34163
2510091163	95446
2510091164	77723
2510091165	30712
2510091166	41093
2510091167	58744
2510091168	04093
2510091169	18716
2510091170	46465
2510091171	62958
2510091172	09512
2510091173	10822
2510091174	84201
2510091175	84423
2510091176	20538
2510091177	14946
2510091178	02299
2510091179	38754
2510091180	62579
2510091181	89589
2510091182	97824
2510091183	59618
2510091184	55084
2510091185	34643
2510091186	54213
2510091187	88583
2510091188	37511
2510091189	28920
2510091190	13975
2510091191	64592
2510091192	51097
2510091193	81087
2510091194	23911
2510091195	67697
2510091196	12894
2510091197	06716
2510091198	37838
2510091199	32961
2510091200	12137
2510091201	07902
2510091202	92739
2510091203	55656
2510091204	42784
2510091205	38324
2510091206	23060
2510091207	29974
2510091208	05108
2510091209	69410
2510091210	33979
2510091211	91414
2510091212	48423
2510091213	54245
2510091214	16095
2510091215	10681
2510091216	34336
2510091217	64437
2510091218	76992
2510091219	05465
2510091220	28478
2510091221	53648
2510091222	67012
2510091223	32956
2510091224	95210
2510091225	03556
2510091226	25598
2510091227	26350
2510091228	55183
2510091229	47995
2510091230	96664
2510091231	15097
2510091232	66633
2510091233	35549
2510091234	51859
2510091235	51021
2510091236	93531
2510091237	33674
2510091238	95702
2510091239	33139
2510091240	44955
2510091241	14074
2510091242	67351
2510091243	30857
2510091244	15681
2510091245	73653
2510091246	36223
2510091247	71581
2510091248	17390
2510091249	22492
2510091250	15155
2510091251	15575
2510091252	96216
2510091253	94587
2510091254	39399
2510091255	65012
2510091256	29293
2510091257	85445
2510091258	51054
2510091259	89474
2510091260	10684
2510091261	15060
2510091262	09462
2510091263	57351
2510091264	22477
2510091265	22622
2510091266	75176
2510091267	52763
2510091268	33584
2510091269	44064
2510091270	32992
2510091271	25393
2510091272	66128
2510091273	41009
2510091274	73260
2510091275	51077
2510091276	58810
2510091277	72985
2510091278	98825
2510091279	48877
2510091280	60638
2510091281	58608
2510091282	83601
2510091283	50161
2510091284	97312
2510091285	06147
2510091286	34588
2510091287	61394
2510091288	36686
2510091289	27265
2510091290	05695
2510091291	71373
2510091292	59585
2510091293	86157
2510091294	42250
2510091295	82827
2510091296	69410
2510091297	29832
2510091298	29993
2510091299	45961
2510091300	55091
2510091301	40145
2510091302	83015
2510091303	58087
2510091304	80899
2510091305	05782
2510091306	12867
2510091307	35596
2510091308	87857
2510091309	27238
2510091310	52530
2510091311	06189
2510091312	14400
2510091313	08743
2510091314	78232
2510091315	32409
2510091316	25010
2510091317	71118
2510091318	98296
2510091319	83251
2510091320	71238
2510091321	99233
2510091322	10000
2510091323	17321
2510091324	07107
2510091325	50569
2510091326	78135
2510091327	90889
2510091328	64668
2510091329	34236
2510091330	62654
2510091331	59550
2510091332	26496
2510091333	32482
2510091334	32972
2510091335	85974
2510091336	67357
2510091337	21392
2510091338	76104
2510091339	15387
2510091340	73142
2510091341	22416
2510091342	29047
2510091343	88370
2510091344	07134
2510091345	69347
2510091346	00475
2510091347	84874
2510091348	77264
2510091349	43229
2510091350	91410
2510091351	72773
2510091352	92612
2510091353	80646
2510091354	24682
2510091355	49059
2510091356	16428
2510091357	47899
2510091358	35079
2510091359	61318
2510091360	39420
2510091361	98429
2510091362	21030
2510091363	65535
2510091364	99935
2510091365	49858
2510091366	28744
2510091367	63336
2510091368	77085
2510091369	71741
2510091370	25948
2510091371	93764
2510091372	44101
2510091373	54421
2510091374	00230
2510091375	27447
2510091376	26850
2510091377	27716
2510091378	62809
2510091379	16052
2510091380	18509
2510091381	51553
2510091382	75272
2510091383	22275
2510091384	73591
2510091385	00179
2510091386	94623
2510091387	32366
2510091388	10839
2510091389	78261
2510091390	36078
2510091391	84055
2510091392	06906
2510091393	52011
2510091394	74669
2510091395	81969
2510091396	57381
2510091397	71110
2510091398	23309
2510091399	36473
2510091400	59968
2510091401	36844
2510091402	32772
2510091403	02414
2510091404	51784
2510091405	28822
2510091406	98110
2510091407	97948
2510091408	63283
2510091409	48774
2510091410	61785
2510091411	08149
2510091412	08508
2510091413	66612
2510091414	32258
2510091415	13277
2510091416	92139
2510091417	78317
2510091418	75946
2510091419	04314
2510091420	43065
2510091421	98165
2510091422	72872
2510091423	61828
2510091424	91835
2510091425	26968
2510091426	08032
2510091427	96593
2510091428	02898
2510091429	55631
2510091430	98157
2510091431	91062
2510091432	15502
2510091433	59268
2510091434	80892
2510091435	33410
2510091436	93543
2510091437	69925
2510091438	55649
2510091439	91647
2510091440	40248
2510100001	52431
2510100002	23605
2510100003	29392
2510100004	13891
2510100005	21957
2510100006	78126
2510100007	01909
2510100008	27735
2510100009	99436
2510100010	23969
2510100011	39273
2510100012	16260
2510100013	58093
2510100014	87398
2510100015	60472
2510100016	98822
2510100017	04594
2510100018	81643
2510100019	78128
2510100020	19754
2510100021	95599
2510100022	97707
2510100023	50122
2510100024	62663
2510100025	74358
2510100026	73162
2510100027	33857
2510100028	03853
2510100029	64274
2510100030	49377
2510100031	01367
2510100032	48165
2510100033	52972
2510100034	10186
2510100035	05682
2510100036	51616
2510100037	59914
2510100038	30569
2510100039	92960
2510100040	60092
2510100041	73682
2510100042	23818
2510100043	90736
2510100044	68967
2510100045	16838
2510100046	09938
2510100047	12111
2510100048	28466
2510100049	12874
2510100050	34163
2510100051	79826
2510100052	28611
2510100053	90344
2510100054	53937
2510100055	58752
2510100056	86402
2510100057	36155
2510100058	84610
2510100059	51271
2510100060	61426
2510100061	73853
2510100062	02322
2510100063	52370
2510100064	51332
2510100065	68361
2510100066	09937
2510100067	28176
2510100068	62532
2510100069	44463
2510100070	89356
2510100071	15094
2510100072	69441
2510100073	86070
2510100074	48580
2510100075	91003
2510100076	18087
2510100077	84526
2510100078	57736
2510100079	87145
2510100080	53044
2510100081	35211
2510100082	21545
2510100083	17660
2510100084	46262
2510100085	03453
2510100086	42880
2510100087	57347
2510100088	11162
2510100089	86449
2510100090	63130
2510100091	22618
2510100092	21958
2510100093	45685
2510100094	26642
2510100095	25790
2510100096	53304
2510100097	08877
2510100098	65816
2510100099	68552
2510100100	66856
2510100101	23209
2510100102	52329
2510100103	94826
2510100104	73133
2510100105	40597
2510100106	41655
2510100107	29850
2510100108	25320
2510100109	88387
2510100110	75419
2510100111	90593
2510100112	26369
2510100113	07285
2510100114	62190
2510100115	93245
2510100116	76663
2510100117	42339
2510100118	27545
2510100119	44745
2510100120	07631
2510100121	41407
2510100122	80405
2510100123	01344
2510100124	39531
2510100125	06158
2510100126	56650
2510100127	44084
2510100128	98062
2510100129	93821
2510100130	42110
2510100131	01930
2510100132	35625
2510100133	76419
2510100134	27349
2510100135	93096
2510100136	64662
2510100137	98503
2510100138	64115
2510100139	06371
2510100140	91827
2510100141	52599
2510100142	56199
2510100143	80350
2510100144	51571
2510100145	88214
2510100146	55617
2510100147	22282
2510100148	60238
2510100149	98049
2510100150	65612
2510100151	01009
2510100152	83026
2510100153	01645
2510100154	42730
2510100155	78528
2510100156	71163
2510100157	26766
2510100158	06632
2510100159	63225
2510100160	66365
2510100161	08141
2510100162	31692
2510100163	24148
2510100164	71987
2510100165	32701
2510100166	45590
2510100167	41895
2510100168	66502
2510100169	16393
2510100170	61551
2510100171	48128
2510100172	08324
2510100173	17542
2510100174	44418
2510100175	56144
2510100176	86548
2510100177	73414
2510100178	38242
2510100179	41483
2510100180	80538
2510100181	79198
2510100182	12865
2510100183	22390
2510100184	04406
2510100185	61750
2510100186	61864
2510100187	71807
2510100188	69899
2510100189	61739
2510100190	85278
2510100191	23910
2510100192	99845
2510100193	77310
2510100194	10585
2510100195	61949
2510100196	54834
2510100197	77690
2510100198	74197
2510100199	97787
2510100200	14328
2510100201	49510
2510100202	51209
2510100203	14333
2510100204	41896
2510100205	64485
2510100206	30803
2510100207	36158
2510100208	63200
2510100209	78466
2510100210	87521
2510100211	20984
2510100212	60647
2510100213	06731
2510100214	99208
2510100215	40607
2510100216	56626
2510100217	50049
2510100218	40167
2510100219	97584
2510100220	15774
2510100221	77760
2510100222	32332
2510100223	15079
2510100224	27260
2510100225	92768
2510100226	94005
2510100227	42588
2510100228	50204
2510100229	99134
2510100230	89460
2510100231	20414
2510100232	95358
2510100233	12972
2510100234	57008
2510100235	36329
2510100236	26455
2510100237	34353
2510100238	00305
2510100239	64208
2510100240	22492
2510100241	27447
2510100242	90679
2510100243	06060
2510100244	34319
2510100245	27477
2510100246	91165
2510100247	35330
2510100248	15351
2510100249	73615
2510100250	50809
2510100251	96134
2510100252	66496
2510100253	20950
2510100254	94193
2510100255	78360
2510100256	88485
2510100257	75510
2510100258	98358
2510100259	60867
2510100260	71463
2510100261	14665
2510100262	65229
2510100263	11898
2510100264	92443
2510100265	40700
2510100266	35001
2510100267	78831
2510100268	69878
2510100269	68117
2510100270	80962
2510100271	60848
2510100272	84909
2510100273	17175
2510100274	66002
2510100275	97944
2510100276	80074
2510100277	91821
2510100278	91721
2510100279	79869
2510100280	62481
2510100281	67793
2510100282	00591
2510100283	00231
2510100284	72349
2510100285	20753
2510100286	52996
2510100287	72808
2510100288	10287
2510100289	31143
2510100290	54255
2510100291	45534
2510100292	81384
2510100293	91377
2510100294	87066
2510100295	05408
2510100296	12971
2510100297	94705
2510100298	96117
2510100299	34594
2510100300	99480
2510100301	34788
2510100302	72893
2510100303	69963
2510100304	21121
2510100305	81333
2510100306	98214
2510100307	65226
2510100308	44805
2510100309	08653
2510100310	62202
2510100311	84672
2510100312	27834
2510100313	31173
2510100314	27887
2510100315	44865
2510100316	46877
2510100317	58560
2510100318	33420
2510100319	60204
2510100320	30964
2510100321	25163
2510100322	14245
2510100323	67089
2510100324	93188
2510100325	03625
2510100326	39328
2510100327	71154
2510100328	55138
2510100329	30271
2510100330	04612
2510100331	02674
2510100332	12236
2510100333	91612
2510100334	49630
2510100335	56150
2510100336	32306
2510100337	16785
2510100338	97742
2510100339	45573
2510100340	73005
2510100341	10254
2510100342	45603
2510100343	23144
2510100344	25259
2510100345	13963
2510100346	81093
2510100347	54691
2510100348	33354
2510100349	45990
2510100350	09235
2510100351	78024
2510100352	33466
2510100353	39717
2510100354	08577
2510100355	89295
2510100356	09256
2510100357	13282
2510100358	95504
2510100359	59747
2510100360	71105
2510100361	83668
2510100362	35175
2510100363	89364
2510100364	97589
2510100365	63424
2510100366	59025
2510100367	62916
2510100368	42397
2510100369	45647
2510100370	25854
2510100371	99844
2510100372	46360
2510100373	50792
2510100374	85370
2510100375	72379
2510100376	95643
2510100377	03387
2510100378	51233
2510100379	69162
2510100380	56055
2510100381	00918
2510100382	40146
2510100383	68988
2510100384	02785
2510100385	05791
2510100386	63873
2510100387	63603
2510100388	92209
2510100389	46020
2510100390	91212
2510100391	55670
2510100392	80235
2510100393	11507
2510100394	37744
2510100395	95470
2510100396	21852
2510100397	09593
2510100398	01416
2510100399	74071
2510100400	89108
2510100401	81621
2510100402	85439
2510100403	01422
2510100404	64359
2510100405	85908
2510100406	80822
2510100407	96499
2510100408	37968
2510100409	02165
2510100410	20710
2510100411	24325
2510100412	21521
2510100413	08268
2510100414	34964
2510100415	37507
2510100416	98677
2510100417	00124
2510100418	35271
2510100419	85823
2510100420	63550
2510100421	93852
2510100422	68831
2510100423	96388
2510100424	52455
2510100425	04127
2510100426	01270
2510100427	84106
2510100428	66852
2510100429	82503
2510100430	90534
2510100431	72061
2510100432	29279
2510100433	76466
2510100434	09794
2510100435	19214
2510100436	04422
2510100437	60872
2510100438	07902
2510100439	60709
2510100440	72985
2510100441	77282
2510100442	64725
2510100443	17856
2510100444	82102
2510100445	30866
2510100446	60344
2510100447	53502
2510100448	71654
2510100449	16839
2510100450	09710
2510100451	12399
2510100452	94698
2510100453	38021
2510100454	04377
2510100455	47187
2510100456	12526
2510100457	87537
2510100458	87418
2510100459	24803
2510100460	46352
2510100461	61734
2510100462	22434
2510100463	36626
2510100464	98582
2510100465	79781
2510100466	33096
2510100467	77458
2510100468	18909
2510100469	35394
2510100470	69825
2510100471	10455
2510100472	74974
2510100473	05052
2510100474	00430
2510100475	89822
2510100476	35132
2510100477	85776
2510100478	26041
2510100479	38458
2510100480	89066
2510100481	73591
2510100482	00590
2510100483	34420
2510100484	79706
2510100485	33629
2510100486	81304
2510100487	72420
2510100488	21820
2510100489	72135
2510100490	95209
2510100491	73846
2510100492	82246
2510100493	15736
2510100494	59184
2510100495	80294
2510100496	99141
2510100497	49717
2510100498	54033
2510100499	09641
2510100500	96884
2510100501	79756
2510100502	69491
2510100503	89681
2510100504	93490
2510100505	78119
2510100506	54704
2510100507	35935
2510100508	96172
2510100509	67192
2510100510	02816
2510100511	81409
2510100512	03932
2510100513	22028
2510100514	67962
2510100515	39175
2510100516	83283
2510100517	02173
2510100518	98320
2510100519	42275
2510100520	57409
2510100521	77315
2510100522	94840
2510100523	01309
2510100524	12108
2510100525	45450
2510100526	60924
2510100527	46130
2510100528	52960
2510100529	82211
2510100530	88365
2510100531	59300
2510100532	35638
2510100533	88719
2510100534	69633
2510100535	69042
2510100536	94493
2510100537	24869
2510100538	52105
2510100539	90468
2510100540	12164
2510100541	99071
2510100542	72552
2510100543	22638
2510100544	36851
2510100545	14822
2510100546	73157
2510100547	98501
2510100548	25373
2510100549	33608
2510100550	10863
2510100551	14038
2510100552	89915
2510100553	88331
2510100554	63688
2510100555	40770
2510100556	71269
2510100557	10388
2510100558	67487
2510100559	34640
2510100560	99770
2510100561	03553
2510100562	90506
2510100563	96941
2510100564	48565
2510100565	10415
2510100566	78757
2510100567	15104
2510100568	19724
2510100569	05967
2510100570	52017
2510100571	31524
2510100572	61784
2510100573	74052
2510100574	20882
2510100575	17035
2510100576	21599
2510100577	07744
2510100578	50553
2510100579	61746
2510100580	37275
2510100581	33568
2510100582	24611
2510100583	84290
2510100584	39997
2510100585	87370
2510100586	35284
2510100587	36599
2510100588	39160
2510100589	89882
2510100590	00291
2510100591	44892
2510100592	84131
2510100593	66431
2510100594	14721
2510100595	61916
2510100596	73407
2510100597	45564
2510100598	57692
2510100599	59934
2510100600	83115
2510100601	84586
2510100602	46072
2510100603	67274
2510100604	49957
2510100605	59942
2510100606	81570
2510100607	50783
2510100608	44007
2510100609	15223
2510100610	70197
2510100611	28547
2510100612	82626
2510100613	35955
2510100614	48282
2510100615	61437
2510100616	53843
2510100617	31013
2510100618	81066
2510100619	78575
2510100620	57662
2510100621	37005
2510100622	77756
2510100623	37023
2510100624	28175
2510100625	74045
2510100626	13777
2510100627	52639
2510100628	10862
